8.150281012058258057e-02 6.679076671600341797e+00 4.326003491878509521e-01 2.899490855634212494e-02
4.269846528768539429e-02 8.030029296875000000e+00 2.411419153213500977e-01 2.156333066523075104e-02
7.786250114440917969e-02 6.490099430084228516e+00 6.047891378402709961e-01 3.600024804472923279e-02
7.760623842477798462e-02 6.496047019958496094e+00 6.287832856178283691e-01 3.615143150091171265e-02
4.176957160234451294e-02 7.908032894134521484e+00 2.621121704578399658e-01 2.139780484139919281e-02
4.146902263164520264e-02 7.858593940734863281e+00 2.929444909095764160e-01 2.155211009085178375e-02
7.832491397857666016e-02 6.558858394622802734e+00 5.110798478126525879e-01 3.034013696014881134e-02
4.868417605757713318e-02 7.507820606231689453e+00 2.807098925113677979e-01 2.277406305074691772e-02
7.396434247493743896e-02 6.857712745666503906e+00 3.921428024768829346e-01 2.538870275020599365e-02
7.101958990097045898e-02 6.917319297790527344e+00 3.984089195728302002e-01 2.501423284411430359e-02
8.012811094522476196e-02 6.700199127197265625e+00 4.764364361763000488e-01 2.773998305201530457e-02
7.001021504402160645e-02 6.977359294891357422e+00 3.525926172733306885e-01 2.482319995760917664e-02
7.368884980678558350e-02 6.870670795440673828e+00 4.095882773399353027e-01 2.542322129011154175e-02
4.585593566298484802e-02 7.670165538787841797e+00 2.772476673126220703e-01 2.194092050194740295e-02
7.787080854177474976e-02 6.490446567535400391e+00 5.990280508995056152e-01 3.566101938486099243e-02
7.043582201004028320e-02 6.964354991912841797e+00 3.544831573963165283e-01 2.487767860293388367e-02
4.747275263071060181e-02 7.601975440979003906e+00 2.715827524662017822e-01 2.243956923484802246e-02
4.651706665754318237e-02 7.757773399353027344e+00 2.595214247703552246e-01 2.206799760460853577e-02
7.793704420328140259e-02 6.493221759796142578e+00 5.886330604553222656e-01 3.507120162248611450e-02
5.777454748749732971e-02 7.178699016571044922e+00 3.499707281589508057e-01 2.344977855682373047e-02
4.341088607907295227e-02 7.952500820159912109e+00 2.461024820804595947e-01 2.169411629438400269e-02
5.677801743149757385e-02 7.262965202331542969e+00 3.102830350399017334e-01 2.339272759854793549e-02
7.726518809795379639e-02 6.502799510955810547e+00 5.628872513771057129e-01 3.339063376188278198e-02
8.089934289455413818e-02 6.785132884979248047e+00 3.964553475379943848e-01 2.731931582093238831e-02
7.770393043756484985e-02 6.490787029266357422e+00 6.173176765441894531e-01 3.615082055330276489e-02
7.193076610565185547e-02 6.901560783386230469e+00 3.759250044822692871e-01 2.507150731980800629e-02
4.953132197260856628e-02 7.365437030792236328e+00 3.103163838386535645e-01 2.268768846988677979e-02
4.642516374588012695e-02 7.532906532287597656e+00 2.928172349929809570e-01 2.219731733202934265e-02
7.785566896200180054e-02 6.550350189208984375e+00 5.180429816246032715e-01 3.067886829376220703e-02
6.854906678199768066e-02 7.053553104400634766e+00 3.364555239677429199e-01 2.467679977416992188e-02
8.131347596645355225e-02 6.698731899261474609e+00 4.225462079048156738e-01 2.824844047427177429e-02
7.868043333292007446e-02 6.534539699554443359e+00 5.376216173171997070e-01 3.405004739761352539e-02
4.693205654621124268e-02 7.475426197052001953e+00 2.990512847900390625e-01 2.241704612970352173e-02
7.646574825048446655e-02 6.528824806213378906e+00 5.425675511360168457e-01 3.172311931848526001e-02
7.946554571390151978e-02 6.722730636596679688e+00 4.262685477733612061e-01 2.688382565975189209e-02
7.794249057769775391e-02 6.493449211120605469e+00 5.838767290115356445e-01 3.479018807411193848e-02
4.830404743552207947e-02 7.396472930908203125e+00 3.068270385265350342e-01 2.259247936308383942e-02
4.435202106833457947e-02 7.892740726470947266e+00 2.500350773334503174e-01 2.180114202201366425e-02
5.018885806202888489e-02 7.386436939239501953e+00 3.050589263439178467e-01 2.281328290700912476e-02
8.085329830646514893e-02 6.650742053985595703e+00 4.407661557197570801e-01 2.875316515564918518e-02
4.590131342411041260e-02 7.788897991180419922e+00 2.570384442806243896e-01 2.197853848338127136e-02
8.074402809143066406e-02 6.615368366241455078e+00 4.586400985717773438e-01 2.960289269685745239e-02
8.145808428525924683e-02 6.649032115936279297e+00 4.488523006439208984e-01 2.977564744651317596e-02
6.133417040109634399e-02 7.113238334655761719e+00 3.598785400390625000e-01 2.375571615993976593e-02
6.446145474910736084e-02 7.067468166351318359e+00 3.448266386985778809e-01 2.399120107293128967e-02
5.383534729480743408e-02 7.345496654510498047e+00 2.980090081691741943e-01 2.314679324626922607e-02
8.007975667715072632e-02 6.756258010864257812e+00 4.024196863174438477e-01 2.697328478097915649e-02
7.848969101905822754e-02 6.584414005279541016e+00 4.943402111530303955e-01 3.229822218418121338e-02
5.836931616067886353e-02 7.167681217193603516e+00 3.439899384975433350e-01 2.346851676702499390e-02
6.560060381889343262e-02 7.034422397613525391e+00 3.768017590045928955e-01 2.423500642180442810e-02
7.725985348224639893e-02 6.506031036376953125e+00 5.531408786773681641e-01 3.315670788288116455e-02
7.667468488216400146e-02 6.878694057464599609e+00 3.697642087936401367e-01 2.592783421277999878e-02
5.048038810491561890e-02 7.455068588256835938e+00 2.858219444751739502e-01 2.290629968047142029e-02
7.977227866649627686e-02 6.831400871276855469e+00 3.811754584312438965e-01 2.652471326291561127e-02
6.478368490934371948e-02 7.140293121337890625e+00 3.228330910205841064e-01 2.416415512561798096e-02
7.740586251020431519e-02 6.543647289276123047e+00 5.264849662780761719e-01 3.100324422121047974e-02
7.169194519519805908e-02 6.906329154968261719e+00 4.020035862922668457e-01 2.511999569833278656e-02
5.346620082855224609e-02 7.278228759765625000e+00 3.174254000186920166e-01 2.301857993006706238e-02
7.522577792406082153e-02 6.905011177062988281e+00 3.638656139373779297e-01 2.568789944052696228e-02
7.895150035619735718e-02 6.575785636901855469e+00 4.849736094474792480e-01 3.096303716301918030e-02
8.089442551136016846e-02 6.663815021514892578e+00 4.350424706935882568e-01 2.848034724593162537e-02
4.296803846955299377e-02 7.977786540985107422e+00 2.444857507944107056e-01 2.164197713136672974e-02
5.145192891359329224e-02 7.391856670379638672e+00 2.944105863571166992e-01 2.292250096797943115e-02
7.923651486635208130e-02 6.597400665283203125e+00 4.836514294147491455e-01 3.159162774682044983e-02
7.993368804454803467e-02 6.632762908935546875e+00 4.668062031269073486e-01 2.834364585578441620e-02
5.933924391865730286e-02 7.159037113189697266e+00 3.340996801853179932e-01 2.352590486407279968e-02
5.486342310905456543e-02 7.340737342834472656e+00 2.971360087394714355e-01 2.327341027557849884e-02
6.025353074073791504e-02 7.138005733489990234e+00 3.426911830902099609e-01 2.362165227532386780e-02
7.699522376060485840e-02 6.537940502166748047e+00 5.342965722084045410e-01 3.132497146725654602e-02
6.729464977979660034e-02 7.097394943237304688e+00 3.304402232170104980e-01 2.453029714524745941e-02
8.082507550716400146e-02 6.740965843200683594e+00 4.070737957954406738e-01 2.746792137622833252e-02
5.226438865065574646e-02 7.338377952575683594e+00 3.097130954265594482e-01 2.298852987587451935e-02
6.161680445075035095e-02 7.119524478912353516e+00 3.368687629699707031e-01 2.372084930539131165e-02
4.191840812563896179e-02 7.925019264221191406e+00 2.572857439517974854e-01 2.141867950558662415e-02
7.787179946899414062e-02 6.551428794860839844e+00 5.015172958374023438e-01 3.152061253786087036e-02
7.450509816408157349e-02 6.910104274749755859e+00 3.632546365261077881e-01 2.555653825402259827e-02
7.736063748598098755e-02 6.542430877685546875e+00 5.221773982048034668e-01 3.130573779344558716e-02
7.734236121177673340e-02 6.500367164611816406e+00 5.750625133514404297e-01 3.374264389276504517e-02
7.983098179101943970e-02 6.614507198333740234e+00 4.784749150276184082e-01 2.876827120780944824e-02
7.760937511920928955e-02 6.551999568939208984e+00 5.060478448867797852e-01 3.205163031816482544e-02
7.740613818168640137e-02 6.802712440490722656e+00 4.139151573181152344e-01 2.599119581282138824e-02
6.606447696685791016e-02 7.024082660675048828e+00 3.789120614528656006e-01 2.429898455739021301e-02
7.739745080471038818e-02 6.500238418579101562e+00 5.683268308639526367e-01 3.368242830038070679e-02
5.297673121094703674e-02 7.361549854278564453e+00 2.966152429580688477e-01 2.306214720010757446e-02
5.582023411989212036e-02 7.232889652252197266e+00 3.216021656990051270e-01 2.323613688349723816e-02
6.829708069562911987e-02 7.054763793945312500e+00 3.356799185276031494e-01 2.462683990597724915e-02
6.366261839866638184e-02 7.124897956848144531e+00 3.269417881965637207e-01 2.397625893354415894e-02
7.955878973007202148e-02 6.826480388641357422e+00 3.825459480285644531e-01 2.643080428242683411e-02
7.713792473077774048e-02 6.510101795196533203e+00 5.490067005157470703e-01 3.288277238607406616e-02
7.676298171281814575e-02 6.514611721038818359e+00 5.518299341201782227e-01 3.245391696691513062e-02
4.436825960874557495e-02 7.844462394714355469e+00 2.546638846397399902e-01 2.176378853619098663e-02
5.042143538594245911e-02 7.449340820312500000e+00 2.867191433906555176e-01 2.288904227316379547e-02
4.250236228108406067e-02 8.000207901000976562e+00 2.434576004743576050e-01 2.152250148355960846e-02
7.691926509141921997e-02 6.512974739074707031e+00 5.705730319023132324e-01 3.298702463507652283e-02
5.181304737925529480e-02 7.420358657836914062e+00 2.889621555805206299e-01 2.301329188048839569e-02
4.724010825157165527e-02 7.564489364624023438e+00 2.776821255683898926e-01 2.239348366856575012e-02
6.370496004819869995e-02 7.086407184600830078e+00 3.408410847187042236e-01 2.392454817891120911e-02
6.007230654358863831e-02 7.211809635162353516e+00 3.138076663017272949e-01 2.368586882948875427e-02
5.937939137220382690e-02 7.149510860443115234e+00 3.537850379943847656e-01 2.358482964336872101e-02
5.556422099471092224e-02 7.219062805175781250e+00 3.458426892757415771e-01 2.327363565564155579e-02
