1.698014003637941727e+01 2.582377893153720905e+01 5.946761699600574547e-01 2.796135476055591207e-01 9.682374837572325088e-01 2.729539672011966331e+02 1.115185103721607973e+01
1.688775151064276869e+01 3.315922976505758157e+01 3.541138295468678754e-01 3.230618298738325289e-01 2.973439870764194914e+00 2.729957690183736645e+02 6.500784684038986683e+00
1.699961085819532158e+01 2.126248907087024520e+01 5.596171489131339660e-01 3.623413676706229714e-01 3.924603391184072976e+00 2.642506002260284390e+02 1.287393176392071581e+01
1.699985912509366415e+01 3.370402852206939315e+01 5.096618782568135275e-01 3.738430245060080925e-01 1.689168874764216621e+00 2.597530682768501151e+02 1.290067995705627268e+01
1.699941223055608930e+01 1.887723247269977023e+01 5.637150523075488140e-01 3.326867147335446084e-01 5.240352882650674005e+00 2.618369130589163092e+02 6.500052092852019570e+00
1.699955626792429797e+01 1.987140863831610460e+01 5.493438749054988524e-01 3.312349247805045360e-01 5.516112854215058370e+00 2.480305873622895660e+02 6.525718632770511896e+00
1.699478923810864828e+01 1.626225229266160710e+01 6.337545464839976495e-01 3.082054401074552641e-01 4.777664463171449327e+00 2.613633817166511903e+02 1.169034350345805073e+01
1.684344644273307168e+01 3.058439078437288572e+01 5.351926708057002102e-01 2.866488901711182757e-01 2.589525102014176738e+00 2.729953545918080522e+02 7.824372029557345343e+00
1.699261926375247711e+01 3.408378355394815173e+01 6.061360876221533189e-01 3.356549286428675005e-01 3.518369389244043077e+00 2.618281169518000979e+02 9.838907899195239892e+00
1.699977456984738922e+01 1.779278247756262843e+01 5.588343769341913569e-01 2.660638840960884988e-01 1.277255102626827066e+00 2.558062766012444627e+02 9.604584822637603381e+00
1.699888262785704285e+01 2.568389800585366700e+01 4.010608748806866464e-01 3.831989740372213071e-01 1.199472081373299837e+01 2.539410936093720750e+02 1.081750292395639690e+01
1.695089447559714912e+01 2.577851191771410555e+01 5.624751802814726975e-01 3.640635772686192650e-01 9.886077550182481577e-01 2.692191658783087291e+02 9.450322893694909965e+00
1.699969287987331157e+01 2.052587317106715759e+01 6.121809026278394184e-01 3.718347185502932639e-01 1.748797927056178381e+01 2.559340293855493655e+02 9.823659850586924591e+00
1.687287188196395249e+01 2.113337574859201951e+01 5.549931421386862240e-01 3.272277765324128063e-01 6.387613287836396481e+00 2.640897084041382072e+02 7.147387244752177793e+00
1.699994819818105185e+01 2.126248907087024520e+01 5.596171489131339660e-01 3.661231246255881588e-01 5.777035596299930909e-01 2.642506002260284390e+02 1.281770329326777613e+01
1.699292535696220696e+01 2.577851191771410555e+01 5.632166629233841260e-01 4.518075200142374070e-01 1.366095361676833875e+00 2.692191658783087291e+02 9.491805682419002466e+00
1.698968155706544181e+01 3.424478319415365490e+01 6.107419961867165403e-01 3.323473345387443767e-01 1.603033964111413923e+01 2.729343781497883015e+02 7.538786360868326319e+00
1.697140145229166208e+01 2.212606232794023242e+01 1.645233815677606681e-01 3.682093634871655974e-01 5.058438417128755304e+00 2.727689742752425559e+02 7.135177438252031656e+00
1.699961038825944826e+01 2.126248907087024520e+01 5.540001447135913804e-01 3.050026438444551347e-01 1.366354486717928296e+01 2.642506002260284390e+02 1.271397040463981831e+01
1.698714776779472757e+01 2.105064902908852531e+01 4.475270115040848595e-01 3.444185431490044969e-01 5.101173844443584571e+00 2.556712831299956861e+02 8.568069860218074041e+00
1.687287188196395249e+01 2.119598524362734082e+01 5.351926708057002102e-01 3.367154763960288899e-01 6.372319929951330231e+00 2.728701550669023277e+02 6.674110020465981563e+00
1.686035854281044877e+01 1.676099511862157954e+01 5.665588752372578973e-01 3.321557475312800212e-01 7.156945369487951680e+00 2.696041937606267993e+02 8.451450413759612701e+00
1.699981596779315396e+01 2.427013124980879866e+01 5.601224460787914694e-01 4.736494664021735357e-01 6.999544131810114145e+00 2.633434817829908638e+02 1.240142913408710434e+01
1.688864933217575626e+01 2.746357755398189937e+01 5.962436053166152439e-01 3.450041680782138243e-01 5.114253225725203578e+00 2.729804759040868589e+02 1.053742605038915414e+01
1.699261926375247711e+01 3.403227537132266889e+01 5.963750722635551282e-01 3.450284499808961569e-01 3.518369389244043077e+00 2.621924306616724607e+02 1.290238268016892498e+01
1.699069305060011459e+01 2.531960301825850834e+01 6.630382114290298556e-01 3.442371382517198652e-01 6.240520726904149384e+00 2.642885230454882617e+02 9.659521635922287075e+00
1.699996703488797323e+01 2.029452118391117921e+01 5.977987460494335048e-01 3.325507850685257560e-01 4.027583325497834821e+00 2.617838862888957010e+02 7.962820002828339128e+00
1.699426171673679775e+01 3.408378355394815173e+01 5.872882394169612885e-01 3.427127940055571531e-01 4.039276441993574274e+00 2.618281169518000979e+02 7.471731382124801257e+00
1.699964042416549503e+01 2.477148487144892286e+01 7.925793354514519828e-01 4.270880529649512813e-01 8.489847488348081228e-01 2.613740703870770403e+02 1.177961598947105593e+01
1.699257837004297045e+01 2.045267305668000546e+01 2.268441167555625138e-01 3.063161731668712084e-01 1.392014680557879380e+01 2.725568547182374459e+02 9.276952867658014412e+00
1.699888262785704285e+01 2.082569521383696554e+01 4.010608748806866464e-01 3.102263902101706217e-01 1.195075411889522954e+01 2.718684678025439325e+02 1.093298596116429344e+01
1.698895516302416908e+01 1.739364524292714265e+01 7.876171318721751913e-01 3.340458484945713069e-01 3.926499600768700748e+00 2.706181877504276372e+02 1.245406974300378877e+01
1.684402082665474865e+01 3.108359336481541746e+01 6.072869620319971684e-01 3.457505715382140354e-01 3.518369389244043077e+00 2.619578132867874274e+02 7.660729163461234670e+00
1.699977456984738922e+01 1.779278247756262843e+01 5.397591355143150915e-01 2.660638840960884988e-01 1.310747505361842258e+00 2.605892983346360552e+02 1.203931296072890511e+01
1.699075224859262789e+01 3.421332998091629207e+01 6.089093737757125258e-01 3.318890624728026428e-01 1.629226750021103953e+01 2.631356459621665067e+02 1.053052446381723861e+01
1.699961085819532158e+01 2.126248907087024520e+01 5.596171489131339660e-01 3.682374501844610792e-01 6.128666445701909993e+00 2.642506002260284390e+02 1.266550108992916890e+01
1.699426171673679775e+01 3.068884702330186443e+01 7.252817601219183619e-01 3.133104776235743349e-01 4.012676019728108834e+00 2.618281169518000979e+02 7.870308356065037536e+00
1.688239437623589012e+01 2.075437013119266183e+01 5.735166254574546318e-01 4.257571080119097462e-01 5.128841788829987536e+00 2.728245391253123557e+02 6.811656056528361702e+00
1.668171264351231642e+01 2.686006791949931127e+01 6.372579406830005677e-01 4.644710083470474649e-01 1.179006880527633072e+01 2.644047358480556227e+02 7.986671384656333750e+00
1.699989167833244963e+01 2.362500192048538850e+01 5.525849556797790552e-01 2.030363526932704166e-01 5.913430625865627732e-01 2.702603843713690139e+02 1.114403009619225138e+01
1.698714776779472757e+01 2.053095765870689249e+01 6.121609174753371851e-01 3.475278420466779150e-01 1.751673122282677397e+01 2.727302059388479165e+02 7.048642537413918774e+00
1.699564713883526679e+01 2.186646429369801936e+01 6.849769500295356250e-01 4.147281020056982070e-01 6.013286463111363389e+00 2.701293959188111558e+02 1.140855052313420437e+01
1.695060420099189713e+01 3.444776602673670141e+01 3.043559616672460999e-01 3.636483700809626796e-01 3.758012660773260460e+00 2.726325932100913292e+02 1.138745684928085389e+01
1.699977456984738922e+01 1.713442865140616078e+01 5.397591355143150915e-01 2.660638840960884988e-01 1.194150783525597781e+00 2.558062766012444627e+02 8.803147907039370779e+00
1.699845596735362463e+01 1.670388756872058522e+01 5.605448554873614375e-01 3.439204156963822090e-01 4.396794847414504659e-01 2.644654559531853693e+02 8.994474750148159004e+00
1.695857874313130864e+01 3.058622407352915928e+01 7.870187521358186222e-01 3.449542296387470564e-01 3.634492367104542154e+00 2.714229060525613590e+02 8.229114462465528135e+00
1.699564713883526679e+01 2.185348895202624675e+01 6.898528406838790872e-01 4.384028963568212811e-01 5.975267812682309554e+00 2.701293959188111558e+02 1.049353344069249339e+01
1.698662483661448164e+01 3.073534124304126536e+01 5.976275433882345389e-01 2.796135476055591207e-01 2.955612475144230089e+00 2.729539672011966331e+02 1.203693196068123150e+01
1.696825577503988924e+01 1.941394757512489022e+01 5.605838723140994517e-01 3.331743101454128220e-01 8.480858141420522855e+00 2.584507435318861894e+02 8.603863689826631855e+00
1.699648338964020411e+01 2.499130587127337932e+01 5.783349632065357682e-01 4.274040075459952792e-01 1.385733730228444571e+01 2.549968709789822867e+02 9.119742499784594614e+00
1.699964588745150351e+01 3.077827277831520192e+01 5.372220329027032060e-01 2.506799133887094855e-01 3.318511650520853173e+00 2.645339459327683471e+02 1.234930695248585764e+01
1.699953428641711639e+01 2.104237649746942651e+01 7.714969232656052611e-01 4.341275561462645260e-01 9.673186862057715274e+00 2.721116879696617161e+02 9.976905417936793086e+00
1.690099988209622950e+01 2.277839949576578960e+01 7.159804780391445522e-01 3.918782393091205796e-01 1.912662837235200186e+01 2.727456854483766620e+02 7.961287404435713810e+00
1.699552370696742187e+01 2.481681953323206713e+01 5.708352274905894586e-01 4.267245808711236932e-01 1.197733198625612872e+01 2.727076245251093951e+02 1.023580551598213617e+01
1.698194936164853885e+01 1.541784312018495839e+01 3.137363494502889427e-01 4.337697754569587172e-01 3.698097338693081326e+00 2.726284164302284125e+02 8.953677301984566128e+00
1.699879710863576321e+01 2.235581761433738279e+01 7.876647640816013540e-01 3.978920357429363563e-01 3.958115454590905635e+00 2.609218292909972661e+02 1.186225740673550533e+01
1.699771453854227943e+01 2.531960301825850834e+01 6.981474963833002034e-01 3.443524692818835664e-01 6.240520726904149384e+00 2.555724090248545224e+02 9.659521635922287075e+00
1.699964019279559935e+01 2.431209692768199560e+01 5.650840817467803756e-01 4.813228631517617595e-01 6.999544131810114145e+00 2.633964726687560187e+02 8.254714878960260904e+00
1.699933087257550568e+01 2.280861480006768360e+01 6.074746474883606639e-01 3.641170556440307959e-01 1.251194543830627204e+01 2.721561288330871093e+02 9.858102580573664397e+00
1.699987902256958350e+01 2.360710027059268867e+01 7.790999512293586005e-01 4.333313051781253478e-01 1.249630735837571649e+01 2.701384258938853122e+02 1.177961598947105593e+01
1.699989167833244963e+01 2.362500192048538850e+01 5.466812645580948482e-01 3.103169439216391101e-01 5.913430625865627732e-01 2.702603843713690139e+02 1.105357569288670838e+01
1.688239437623589012e+01 2.070279205592212435e+01 6.066823692596219342e-01 3.393218735883086756e-01 5.128841788829987536e+00 2.728245391253123557e+02 6.612496912434852270e+00
1.693753481498325897e+01 2.026593540974221952e+01 6.330867677475726651e-01 3.497226866946889778e-01 1.990785625899495770e+01 2.702879150638917167e+02 8.057859473484423773e+00
1.698508074837474879e+01 1.694312677011129864e+01 1.124855920433948941e-01 3.962346418250792812e-01 8.499286300399667482e+00 2.724283436264436773e+02 1.187165917250297120e+01
1.699470651454090486e+01 2.478938652134161913e+01 5.611496941834247520e-01 2.025628966592737390e-01 5.913430625865627732e-01 2.614959667919649178e+02 1.108504457999894655e+01
1.699396469103565721e+01 1.558897571723995412e+01 5.603348716608320679e-01 4.107952720725999707e-01 2.146574142066035051e+01 2.631043149112371680e+02 8.656903780790468517e+00
1.697821505994667035e+01 2.346327089782322517e+01 5.901463115489723466e-01 3.288685430270428256e-01 1.043640028476941595e+01 2.728754755108215591e+02 8.293316619649315768e+00
1.695850078846022058e+01 1.802814520353955885e+01 5.364528886275821140e-01 4.079990118456743309e-01 2.062240098535393429e+01 2.608265397952167746e+02 8.721806871712528775e+00
1.699486621315702450e+01 1.779278247756262843e+01 5.348442031226603444e-01 2.660638840960884988e-01 1.287351336787923373e+01 2.605892983346360552e+02 1.194090964093990159e+01
1.683378278678906881e+01 3.411329838115194946e+01 5.351926708057002102e-01 2.866488901711182757e-01 2.589525102014176738e+00 2.728527501557188657e+02 9.151938561172562103e+00
1.699351616891759420e+01 1.770468646187746131e+01 5.509495790223850609e-01 2.666488424113421241e-01 9.287445307250470350e+00 2.716173984051020511e+02 1.065552777650072613e+01
1.668171264351231642e+01 2.660077931760350367e+01 6.372579406830005677e-01 4.318390407551054855e-01 5.397352246544784293e-01 2.648396080681744706e+02 8.140995066731901986e+00
1.699977456984738922e+01 2.119467642570527488e+01 5.397591355143150915e-01 3.664258909230743710e-01 1.194150783525597781e+00 2.644133314079799675e+02 8.804059187613669124e+00
1.695335839931980715e+01 1.890389230168659296e+01 5.637150523075488140e-01 3.436507775935916387e-01 5.269873432653588985e+00 2.643945512758723453e+02 6.507709548401598987e+00
1.699522385018683579e+01 1.688120676889349525e+01 5.571159003695060896e-01 2.816343181531573148e-01 3.935216999587630493e+00 2.689595337989638892e+02 1.194037967949848955e+01
1.699964692264790855e+01 1.772395142795015133e+01 5.617316365213519402e-01 3.729763638260563674e-01 1.811174963540467786e+01 2.714777175047584024e+02 9.807507347804254039e+00
1.698464065803155520e+01 1.558928266897198611e+01 1.124855920433948941e-01 2.651569723050353766e-01 8.499286300399667482e+00 2.632000072839357472e+02 1.192154543897712315e+01
1.699806523512060252e+01 2.288526009213215673e+01 6.176661995162678886e-01 3.330945019438310561e-01 5.224755794659476038e+00 2.620786911018244041e+02 1.247361611806054071e+01
1.699879710863576321e+01 2.235581761433738279e+01 7.513012006718681191e-01 3.833463941715438139e-01 3.956632359093764872e+00 2.609218292909972661e+02 1.122484846557278892e+01
1.698034492199179013e+01 1.690073235579030708e+01 5.557246840327014770e-01 3.834860218310464086e-01 5.783545670802905825e+00 2.699637806033245511e+02 1.204570645968376041e+01
1.698984806241912793e+01 2.425689724497795297e+01 1.896063101714601240e-01 4.256574308247040306e-01 4.146178933635264130e+00 2.597489344147707584e+02 1.012490882444941676e+01
1.699965973048175272e+01 2.531087584637196741e+01 5.535521438402416505e-01 4.231991994273086033e-01 1.380041991568494808e+01 2.549572964981641690e+02 9.161469830505351908e+00
1.699828044546147510e+01 2.427013124980879866e+01 5.936027060827276935e-01 4.170659353620606580e-01 6.999351260341410530e+00 2.633245774807484167e+02 1.245957122262467820e+01
1.695857874313130864e+01 3.063766954365861395e+01 7.962114956931463094e-01 3.327359223726064630e-01 3.634492367104542154e+00 2.710571213935551782e+02 8.167673011573509001e+00
1.695857874313130864e+01 2.032118101289800194e+01 5.977987460494335048e-01 3.435148479285727308e-01 4.057103875500748025e+00 2.643415245058517371e+02 8.421892397713456546e+00
1.699257837004297045e+01 2.045267305668000546e+01 5.298697881981160318e-01 3.063161731668712084e-01 1.492187893330474857e+00 2.725568547182374459e+02 9.258828772179265698e+00
1.699977203578031393e+01 2.362586978851920705e+01 6.060008408832983084e-01 3.277318789466859283e-01 5.483008944320300060e-01 2.700998060168070083e+02 8.905720815794371248e+00
1.699884562517297226e+01 2.497948039207810211e+01 4.010608748806866464e-01 3.102263902101706217e-01 1.195075411889522954e+01 2.718634577449302583e+02 1.021651800108236330e+01
1.698895516302416908e+01 1.715633275998801111e+01 6.980442603193032225e-01 3.438780513810839046e-01 3.833530925776206910e+00 2.642814623432782923e+02 1.229090369956774431e+01
1.699977456984738922e+01 1.775733852118453271e+01 5.637706568936052820e-01 2.657776571325776716e-01 1.565920527900358072e+00 2.618339221662256477e+02 1.220666946030433486e+01
1.699396469103565721e+01 3.036405279804619184e+01 7.975153726791894826e-01 3.874785819229185635e-01 7.199789685456850385e+00 2.709674922915538104e+02 6.853026152131159066e+00
1.690167943228230740e+01 2.277839949576578960e+01 5.373917109183788954e-01 2.095824384005877117e-01 1.912662837235200186e+01 2.723186366818420652e+02 7.961287404435713810e+00
1.699593035042904177e+01 2.521041106073037952e+01 5.681330709398000334e-01 3.822477343932492722e-01 5.731458027865603100e+00 2.719460014353416568e+02 6.517342711673125955e+00
1.699986451616862837e+01 1.781802658610120105e+01 5.143548175158210167e-01 3.424540582569219893e-01 1.584009085501330016e+00 2.597997070468034053e+02 1.231777306405074590e+01
1.693753481498325897e+01 2.042010778262257631e+01 5.600703847837028571e-01 3.312307216138030697e-01 1.808911956149914957e+01 2.728802792725803670e+02 8.061303905311206108e+00
1.693016649270482432e+01 2.029137654487364983e+01 6.330947808426575785e-01 3.320705536711875405e-01 1.218229373029319795e+01 2.702555991101572204e+02 7.560081334239646011e+00
1.699977203578031393e+01 2.372083169158090143e+01 6.071827385958428192e-01 2.626400981643640664e-01 2.056256423505105602e+01 2.650730766781490502e+02 8.938259581836067724e+00
1.699396469103565721e+01 1.694282076520200775e+01 5.603348716608320679e-01 4.107952720725999707e-01 1.808626492735453084e+01 2.714777175047584024e+02 8.656903780790468517e+00
1.699399242608065563e+01 2.052587317106715759e+01 6.107841377673196570e-01 4.096536267968363121e-01 1.746249456251163679e+01 2.559340293855493655e+02 8.673056283573453484e+00
1.699966020041762960e+01 2.531087584637196741e+01 5.591691480397842362e-01 4.231991994273086033e-01 4.061491380822226382e+00 2.549572964981641690e+02 8.424994589099707554e+00
